MNIST Training Data:
Download Data:
x(n) =
[[  0   0   0   0   0   0   0   0   0   0   0   0   0   0   0   0   0   0   0   0   0   0   0   0   0   0   0   0]
 [  0   0   0   0   0   0   0   0   0   0   0   0   0   0   0   0   0   0   0   0   0   0   0   0   0   0   0   0]
 [  0   0   0   0   0   0   0   0   0   0   0   0   0   0   0   0   0   0   0   0   0   0   0   0   0   0   0   0]
 [  0   0   0   0   0   0   0   0   0   0   0   0   0   0   0   0   0   0   0   0   0   0   0   0   0   0   0   0]
 [  0   0   0   0   0   0   0   0   0   0   0   0   0   0   0   0   0   0   0   0   0   0   0   0   0   0   0   0]
 [  0   0   0   0   0   0   0   0   0   0   0   0   0   0   0   0   0   0   0   0   0   0   0   0   0   0   0   0]
 [  0   0   0   0   0   0   0   0   0   0   0   0   0   0   0   0  38  48  48  22   0   0   0   0   0   0   0   0]
 [  0   0   0   0   0   0   0   0   0   0   0   0   0  62  97 198 243 254 254 212  27   0   0   0   0   0   0   0]
 [  0   0   0   0   0   0   0   0   0   0   0   0  67 172 254 254 225 218 218 237 248  40   0  21 164 187   0   0]
 [  0   0   0   0   0   0   0   0   0   0   0  89 219 254  97  67  14   0   0  92 231 122  23 203 236  59   0   0]
 [  0   0   0   0   0   0   0   0   0   0  25 217 242  92   4   0   0   0   0   4 147 253 240 232  92   0   0   0]
 [  0   0   0   0   0   0   0   0   0   0 101 255  92   0   0   0   0   0   0 105 254 254 177  11   0   0   0   0]
 [  0   0   0   0   0   0   0   0   0   0 167 244  41   0   0   0   7  76 199 238 239  94  10   0   0   0   0   0]
 [  0   0   0   0   0   0   0   0   0   0 192 121   0   0   2  63 180 254 233 126   0   0   0   0   0   0   0   0]
 [  0   0   0   0   0   0   0   0   0   0 190 196  14   2  97 254 252 146  52   0   0   0   0   0   0   0   0   0]
 [  0   0   0   0   0   0   0   0   0   0 130 225  71 180 232 181  60   0   0   0   0   0   0   0   0   0   0   0]
 [  0   0   0   0   0   0   0   0   0   0 130 254 254 230  46   0   0   0   0   0   0   0   0   0   0   0   0   0]
 [  0   0   0   0   0   0   0   0   6  77 244 254 162   4   0   0   0   0   0   0   0   0   0   0   0   0   0   0]
 [  0   0   0   0   0   0   0   0 110 254 218 254 116   0   0   0   0   0   0   0   0   0   0   0   0   0   0   0]
 [  0   0   0   0   0   0   0 131 254 154  28 213  86   0   0   0   0   0   0   0   0   0   0   0   0   0   0   0]
 [  0   0   0   0   0   0  66 209 153  19  19 233  60   0   0   0   0   0   0   0   0   0   0   0   0   0   0   0]
 [  0   0   0   0   0   0 142 254 165   0  14 216 167   0   0   0   0   0   0   0   0   0   0   0   0   0   0   0]
 [  0   0   0   0   0   0  90 254 175   0  18 229  92   0   0   0   0   0   0   0   0   0   0   0   0   0   0   0]
 [  0   0   0   0   0   0  26 229 249 176 222 244  44   0   0   0   0   0   0   0   0   0   0   0   0   0   0   0]
 [  0   0   0   0   0   0   0  73 193 197 134   0   0   0   0   0   0   0   0   0   0   0   0   0   0   0   0   0]
 [  0   0   0   0   0   0   0   0   0   0   0   0   0   0   0   0   0   0   0   0   0   0   0   0   0   0   0   0]
 [  0   0   0   0   0   0   0   0   0   0   0   0   0   0   0   0   0   0   0   0   0   0   0   0   0   0   0   0]
 [  0   0   0   0   0   0   0   0   0   0   0   0   0   0   0   0   0   0   0   0   0   0   0   0   0   0   0   0]]
y(n) = 8

Pre-processed for model.Fit call:
x(n) =
[[0.         0.         0.         0.         0.         0.         0.         0.         0.         0.         0.         0.         0.         0.         0.         0.         0.         0.         0.         0.         0.         0.         0.         0.         0.         0.         0.         0.        ]
 [0.         0.         0.         0.         0.         0.         0.         0.         0.         0.         0.         0.         0.         0.         0.         0.         0.         0.         0.         0.         0.         0.         0.         0.         0.         0.         0.         0.        ]
 [0.         0.         0.         0.         0.         0.         0.         0.         0.         0.         0.         0.         0.         0.         0.         0.         0.         0.         0.         0.         0.         0.         0.         0.         0.         0.         0.         0.        ]
 [0.         0.         0.         0.         0.         0.         0.         0.         0.         0.         0.         0.         0.         0.         0.         0.         0.         0.         0.         0.         0.         0.         0.         0.         0.         0.         0.         0.        ]
 [0.         0.         0.         0.         0.         0.         0.         0.         0.         0.         0.         0.         0.         0.         0.         0.         0.         0.         0.         0.         0.         0.         0.         0.         0.         0.         0.         0.        ]
 [0.         0.         0.         0.         0.         0.         0.         0.         0.         0.         0.         0.         0.         0.         0.         0.         0.         0.         0.         0.         0.         0.         0.         0.         0.         0.         0.         0.        ]
 [0.         0.         0.         0.         0.         0.         0.         0.         0.         0.         0.         0.         0.         0.         0.         0.         0.14901961 0.18823529 0.18823529 0.08627451 0.         0.         0.         0.         0.         0.         0.         0.        ]
 [0.         0.         0.         0.         0.         0.         0.         0.         0.         0.         0.         0.         0.         0.24313725 0.38039216 0.77647059 0.95294118 0.99607843 0.99607843 0.83137255 0.10588235 0.         0.         0.         0.         0.         0.         0.        ]
 [0.         0.         0.         0.         0.         0.         0.         0.         0.         0.         0.         0.         0.2627451  0.6745098  0.99607843 0.99607843 0.88235294 0.85490196 0.85490196 0.92941176 0.97254902 0.15686275 0.         0.08235294 0.64313725 0.73333333 0.         0.        ]
 [0.         0.         0.         0.         0.         0.         0.         0.         0.         0.         0.         0.34901961 0.85882353 0.99607843 0.38039216 0.2627451  0.05490196 0.         0.         0.36078431 0.90588235 0.47843137 0.09019608 0.79607843 0.9254902  0.23137255 0.         0.        ]
 [0.         0.         0.         0.         0.         0.         0.         0.         0.         0.         0.09803922 0.85098039 0.94901961 0.36078431 0.01568627 0.         0.         0.         0.         0.01568627 0.57647059 0.99215686 0.94117647 0.90980392 0.36078431 0.         0.         0.        ]
 [0.         0.         0.         0.         0.         0.         0.         0.         0.         0.         0.39607843 1.         0.36078431 0.         0.         0.         0.         0.         0.         0.41176471 0.99607843 0.99607843 0.69411765 0.04313725 0.         0.         0.         0.        ]
 [0.         0.         0.         0.         0.         0.         0.         0.         0.         0.         0.65490196 0.95686275 0.16078431 0.         0.         0.         0.02745098 0.29803922 0.78039216 0.93333333 0.9372549  0.36862745 0.03921569 0.         0.         0.         0.         0.        ]
 [0.         0.         0.         0.         0.         0.         0.         0.         0.         0.         0.75294118 0.4745098  0.         0.         0.00784314 0.24705882 0.70588235 0.99607843 0.91372549 0.49411765 0.         0.         0.         0.         0.         0.         0.         0.        ]
 [0.         0.         0.         0.         0.         0.         0.         0.         0.         0.         0.74509804 0.76862745 0.05490196 0.00784314 0.38039216 0.99607843 0.98823529 0.57254902 0.20392157 0.         0.         0.         0.         0.         0.         0.         0.         0.        ]
 [0.         0.         0.         0.         0.         0.         0.         0.         0.         0.         0.50980392 0.88235294 0.27843137 0.70588235 0.90980392 0.70980392 0.23529412 0.         0.         0.         0.         0.         0.         0.         0.         0.         0.         0.        ]
 [0.         0.         0.         0.         0.         0.         0.         0.         0.         0.         0.50980392 0.99607843 0.99607843 0.90196078 0.18039216 0.         0.         0.         0.         0.         0.         0.         0.         0.         0.         0.         0.         0.        ]
 [0.         0.         0.         0.         0.         0.         0.         0.         0.02352941 0.30196078 0.95686275 0.99607843 0.63529412 0.01568627 0.         0.         0.         0.         0.         0.         0.         0.         0.         0.         0.         0.         0.         0.        ]
 [0.         0.         0.         0.         0.         0.         0.         0.         0.43137255 0.99607843 0.85490196 0.99607843 0.45490196 0.         0.         0.         0.         0.         0.         0.         0.         0.         0.         0.         0.         0.         0.         0.        ]
 [0.         0.         0.         0.         0.         0.         0.         0.51372549 0.99607843 0.60392157 0.10980392 0.83529412 0.3372549  0.         0.         0.         0.         0.         0.         0.         0.         0.         0.         0.         0.         0.         0.         0.        ]
 [0.         0.         0.         0.         0.         0.         0.25882353 0.81960784 0.6        0.0745098  0.0745098  0.91372549 0.23529412 0.         0.         0.         0.         0.         0.         0.         0.         0.         0.         0.         0.         0.         0.         0.        ]
 [0.         0.         0.         0.         0.         0.         0.55686275 0.99607843 0.64705882 0.         0.05490196 0.84705882 0.65490196 0.         0.         0.         0.         0.         0.         0.         0.         0.         0.         0.         0.         0.         0.         0.        ]
 [0.         0.         0.         0.         0.         0.         0.35294118 0.99607843 0.68627451 0.         0.07058824 0.89803922 0.36078431 0.         0.         0.         0.         0.         0.         0.         0.         0.         0.         0.         0.         0.         0.         0.        ]
 [0.         0.         0.         0.         0.         0.         0.10196078 0.89803922 0.97647059 0.69019608 0.87058824 0.95686275 0.17254902 0.         0.         0.         0.         0.         0.         0.         0.         0.         0.         0.         0.         0.         0.         0.        ]
 [0.         0.         0.         0.         0.         0.         0.         0.28627451 0.75686275 0.77254902 0.5254902  0.         0.         0.         0.         0.         0.         0.         0.         0.         0.         0.         0.         0.         0.         0.         0.         0.        ]
 [0.         0.         0.         0.         0.         0.         0.         0.         0.         0.         0.         0.         0.         0.         0.         0.         0.         0.         0.         0.         0.         0.         0.         0.         0.         0.         0.         0.        ]
 [0.         0.         0.         0.         0.         0.         0.         0.         0.         0.         0.         0.         0.         0.         0.         0.         0.         0.         0.         0.         0.         0.         0.         0.         0.         0.         0.         0.        ]
 [0.         0.         0.         0.         0.         0.         0.         0.         0.         0.         0.         0.         0.         0.         0.         0.         0.         0.         0.         0.         0.         0.         0.         0.         0.         0.         0.         0.        ]]
